0.000	0.000	0.000	0.000	0.000	0.000	0.000	592262421433098240
0.000	0.000	0.000	0.000	0.000	0.000	0.000	592341643623272450
0.000	0.000	0.000	0.000	0.000	0.000	0.000	592350761213825024
0.000	0.000	0.000	0.000	0.000	0.000	0.000	592197933690261504
0.000	0.000	0.000	0.000	0.000	0.000	0.000	592258807683686400
0.000	0.000	0.000	0.000	0.000	0.000	0.000	592393244136185856
0.000	0.000	0.000	0.000	0.000	0.000	0.000	592393539985608704
0.000	0.000	0.000	0.000	0.000	0.000	0.000	592379281008820224
0.000	0.000	0.000	0.000	0.000	0.000	0.000	596287935483252737
0.000	0.000	0.000	0.000	0.000	0.000	0.000	592585807346597888
0.000	0.000	0.000	0.000	0.000	0.000	0.000	592206738507440128
0.000	0.000	0.000	0.000	0.000	0.000	0.000	592125028558184448
0.000	0.000	0.000	0.000	0.000	0.000	0.000	592556996752056320
0.000	0.000	0.000	0.000	0.000	0.000	0.000	593050476700168192
0.000	0.000	0.000	0.000	0.000	0.000	0.000	592048956089106432
0.000	0.000	0.000	0.000	0.000	0.000	0.000	592282804114870272
0.000	0.000	0.000	0.000	0.000	0.000	0.000	592310137194287104
0.000	0.000	0.000	0.000	0.000	0.000	0.000	592629652818034688
0.000	0.000	0.000	0.000	0.000	0.000	0.000	592085243659571200
0.000	0.000	0.000	0.000	0.000	0.000	0.000	592037727727529985
0.000	0.000	0.000	0.000	0.000	0.000	0.000	592293865148837889
0.000	0.000	0.000	0.000	0.000	0.000	0.000	592045569591234560
0.000	0.000	0.000	0.000	0.000	0.000	0.000	595437377536929792
0.000	0.000	0.000	0.000	0.000	0.000	0.000	593316639476551682
0.000	0.000	0.000	0.000	0.000	0.000	0.000	592027147243401216
0.000	0.000	0.000	0.000	0.000	0.000	0.000	592363814370222080
0.000	0.000	0.000	0.000	0.000	0.000	0.000	592318876496474116
0.000	0.000	0.000	0.000	0.000	0.000	0.000	595508030252298241
0.000	0.000	0.000	0.000	0.000	0.000	0.000	592324346854514688
0.000	0.000	0.000	0.000	0.000	0.000	0.000	596338923061653504
0.000	0.000	0.000	0.000	0.000	0.000	0.000	592325457724440576
0.000	0.000	0.000	0.000	0.000	0.000	0.000	592934080997625856
0.000	0.000	0.000	0.000	0.000	0.000	0.000	592677666144288769
0.000	0.000	0.000	0.000	0.000	0.000	0.000	595614162581102593
0.000	0.000	0.000	0.000	0.000	0.000	0.000	592049417856909314
0.000	0.000	0.000	0.000	0.000	0.000	0.000	595451603265527808
0.000	0.000	0.000	0.000	0.000	0.000	0.000	591999421975396352
0.000	0.000	0.000	0.000	0.000	0.000	0.000	595148422547542016
0.000	0.000	0.000	0.000	0.000	0.000	0.000	595961957313679360
0.000	0.000	0.000	0.000	0.000	0.000	0.000	593523465195360256
0.000	0.000	0.000	0.000	0.000	0.000	0.000	592018368279908352
0.000	0.000	0.000	0.000	0.000	0.000	0.000	594428501563822081
0.000	0.000	0.000	0.000	0.000	0.000	0.000	593221207601745920
0.000	0.000	0.000	0.000	0.000	0.000	0.000	596194107862556673
0.000	0.000	0.000	0.000	0.000	0.000	0.000	592279031594123264
0.000	0.000	0.000	0.000	0.000	0.000	0.000	592049388232531968
0.000	0.000	0.000	0.000	0.000	0.000	0.000	595033800188399616
0.000	0.000	0.000	0.000	0.000	0.000	0.000	592555718617632768
0.000	0.000	0.000	0.000	0.000	0.000	0.000	592019272903172096
0.000	0.000	0.000	0.000	0.000	0.000	0.000	592355806160420865
0.000	0.000	0.000	0.000	0.000	0.000	0.000	593731671658090497
0.000	0.000	0.000	0.000	0.000	0.000	0.000	592344097743998976
0.000	0.000	0.000	0.000	0.000	0.000	0.000	592026863398199296
0.000	0.000	0.000	0.000	0.000	0.000	0.000	592004392091406336
0.000	0.000	0.000	0.000	0.000	0.000	0.000	592220239095431168
0.000	0.000	0.000	0.000	0.000	0.000	0.000	592052647873482752
0.000	0.000	0.000	0.000	0.000	0.000	0.000	592379737198055424
0.000	0.000	0.000	0.000	0.000	0.000	0.000	595450441984532482
0.000	0.000	0.000	0.000	0.000	0.000	0.000	592394042253516800
0.000	0.000	0.000	0.000	0.000	0.000	0.000	594133035093745664
0.000	0.000	0.000	0.000	0.000	0.000	0.000	592382428603252736
0.000	0.000	0.000	0.000	0.000	0.000	0.000	592214348455514112
0.000	0.000	0.000	0.000	0.000	0.000	0.000	592216632954486786
0.000	0.000	0.000	0.000	0.000	0.000	0.000	592305660642996224
0.000	0.000	0.000	0.000	0.000	0.000	0.000	593377543606050817
0.000	0.000	0.000	0.000	0.000	0.000	0.000	591979126350741505
0.000	0.000	0.000	0.000	0.000	0.000	0.000	592548743204962304
0.014	0.006	0.018	0.902	0.027	0.014	0.019	591981970113990656
0.014	0.014	0.007	0.925	0.022	0.006	0.010	591979280277581824
0.017	0.012	0.026	0.914	0.001	0.015	0.015	591997786230427648
0.018	0.027	0.002	0.913	0.019	0.014	0.006	592000357418409984
0.019	0.026	0.011	0.922	0.006	0.006	0.010	592031653784002561
0.017	0.002	0.027	0.905	0.010	0.023	0.014	592022981045460992
0.017	0.022	0.018	0.921	0.012	0.002	0.006	592044529982640129
0.026	0.006	0.010	0.901	0.019	0.014	0.023	592028551102275585
0.010	0.006	0.326	0.615	0.022	0.002	0.019	592085243659571200
0.027	0.014	0.006	0.921	0.018	0.010	0.002	592073987997323264
0.026	0.002	0.018	0.906	0.014	0.023	0.011	592089220375715840
0.026	0.023	0.006	0.914	0.002	0.019	0.010	592116568915456000
0.022	0.010	0.005	0.901	0.019	0.027	0.014	592163018634498048
0.007	0.010	0.018	0.917	0.026	0.006	0.015	592158813391720448
0.019	0.026	0.006	0.921	0.015	0.006	0.006	592166541405204480
0.018	0.010	0.015	0.914	0.026	0.002	0.014	592156221043388416
0.018	0.006	0.010	0.918	0.019	0.002	0.026	592155097582309376
0.027	0.018	0.002	0.913	0.014	0.007	0.019	592148963110703105
0.026	0.019	0.010	0.922	0.002	0.006	0.014	592106164097126401
0.027	0.007	0.006	0.909	0.022	0.010	0.018	592176878632374272
0.006	0.002	0.022	0.914	0.026	0.011	0.019	592170870606405632
0.026	0.006	0.018	0.909	0.001	0.019	0.019	592180158213201920
0.026	0.010	0.010	0.906	0.006	0.019	0.023	592172224808816640
0.026	0.011	0.018	0.913	0.006	0.015	0.010	592175306825289728
0.018	0.010	0.015	0.917	0.010	0.002	0.026	592158453017088000
0.021	0.014	0.018	0.918	0.007	0.002	0.018	592194024749998080
0.026	0.010	0.019	0.918	0.001	0.006	0.019	592192425986117632
0.202	0.009	0.006	0.542	0.203	0.014	0.023	592188938090975233
0.026	0.014	0.019	0.909	0.010	0.019	0.001	592198144173051904
0.018	0.011	0.014	0.914	0.009	0.007	0.026	592187573369376769
0.018	0.027	0.002	0.918	0.019	0.010	0.005	592188896026361856
0.003	0.042	0.022	0.834	0.009	0.015	0.028	592659912167202817
0.002	0.035	0.028	0.834	0.028	0.010	0.016	592662243331973121
0.003	0.042	0.035	0.814	0.009	0.022	0.028	592661986535731202
0.004	0.022	0.035	0.814	0.009	0.028	0.048	592662198247419904
0.003	0.042	0.029	0.834	0.009	0.015	0.022	592661999366049794
0.003	0.033	0.030	0.822	0.010	0.015	0.047	592667164806651904
0.009	0.035	0.035	0.834	0.015	0.003	0.022	592667026063253504
0.003	0.028	0.034	0.840	0.015	0.010	0.022	592668980374016003
0.004	0.033	0.029	0.840	0.009	0.022	0.016	592664427058565120
0.003	0.036	0.022	0.833	0.035	0.015	0.009	592665126211342337
0.003	0.027	0.016	0.840	0.010	0.036	0.022	592666242735026177
0.004	0.027	0.021	0.840	0.009	0.042	0.015	592665523919450112
0.003	0.035	0.041	0.820	0.028	0.011	0.015	592669527361638400
0.002	0.035	0.015	0.841	0.009	0.022	0.029	592669813161463810
0.004	0.039	0.016	0.839	0.010	0.035	0.028	592669847399624708
0.004	0.040	0.021	0.826	0.010	0.016	0.035	592668579780292612
0.002	0.028	0.022	0.840	0.035	0.009	0.016	592666519391367168
0.003	0.017	0.040	0.834	0.022	0.008	0.029	592668027000328192
0.004	0.028	0.022	0.840	0.016	0.041	0.008	592671513066758145
0.001	0.041	0.036	0.815	0.023	0.008	0.029	592671133968834560
0.004	0.034	0.035	0.833	0.009	0.022	0.015	592670528562925569
0.004	0.021	0.035	0.847	0.009	0.028	0.014	592670179970183168
0.001	0.036	0.022	0.841	0.022	0.008	0.022	592673679210872832
0.008	0.036	0.009	0.840	0.008	0.023	0.029	592673758411956224
0.004	0.035	0.048	0.814	0.022	0.008	0.029	592673975303561216
0.002	0.035	0.022	0.841	0.022	0.009	0.022	592673585988251648
0.002	0.042	0.022	0.827	0.009	0.016	0.035	592673379997655041
0.001	0.042	0.015	0.835	0.009	0.022	0.028	592673766603390976
0.002	0.036	0.029	0.834	0.022	0.015	0.015	592673652107300864
0.003	0.029	0.009	0.846	0.022	0.034	0.016	592670601099239425
0.003	0.035	0.022	0.846	0.009	0.021	0.023	592674071508340739
0.003	0.040	0.016	0.833	0.010	0.022	0.029	592673844508385280
0.004	0.035	0.036	0.834	0.009	0.021	0.015	592674282347565056
0.004	0.041	0.028	0.840	0.009	0.015	0.021	592675495902326784
0.004	0.034	0.029	0.846	0.009	0.021	0.015	592675544006840320
0.003	0.040	0.015	0.840	0.011	0.028	0.035	592675323919097857
0.003	0.029	0.028	0.834	0.009	0.015	0.035	592673821905309696
0.004	0.047	0.034	0.822	0.010	0.015	0.028	592672555389030400
0.002	0.035	0.035	0.827	0.015	0.009	0.029	592677236928606209
0.004	0.033	0.028	0.847	0.010	0.022	0.016	592676728612487168
0.002	0.042	0.022	0.835	0.021	0.009	0.022	592677100395601921
0.002	0.042	0.022	0.834	0.015	0.022	0.015	592676351833956354
0.004	0.035	0.015	0.839	0.010	0.041	0.021	592676877849997313
0.002	0.042	0.029	0.834	0.008	0.015	0.022	592676039417016320
0.002	0.041	0.035	0.820	0.009	0.016	0.029	592680410770972672
0.002	0.034	0.028	0.821	0.010	0.022	0.035	592681601085153280
0.004	0.039	0.023	0.840	0.010	0.016	0.028	592680367162785793
0.002	0.042	0.035	0.815	0.009	0.022	0.028	592678789760573441
0.004	0.034	0.027	0.847	0.009	0.021	0.016	592682183158046720
0.002	0.023	0.035	0.839	0.029	0.009	0.015	592681912231194624
0.008	0.009	0.035	0.841	0.022	0.009	0.029	592682185649455104
0.004	0.041	0.022	0.833	0.016	0.008	0.029	592680664094343168
0.004	0.033	0.015	0.847	0.010	0.022	0.029	592684391069016064
0.004	0.014	0.021	0.835	0.010	0.048	0.028	592684884105285634
0.003	0.041	0.021	0.814	0.010	0.028	0.035	592685088065880064
0.003	0.046	0.023	0.828	0.015	0.009	0.034	592682455863296003
0.004	0.034	0.028	0.847	0.009	0.016	0.022	592681687978475521
0.022	0.043	0.033	0.733	0.032	0.004	0.063	593047490452029440
0.005	0.043	0.033	0.769	0.016	0.022	0.053	593046758411735040
0.003	0.044	0.044	0.769	0.013	0.044	0.023	593044016930881537
0.002	0.042	0.054	0.760	0.014	0.024	0.032	593049972943114240
0.005	0.051	0.043	0.770	0.023	0.014	0.034	593051596797292544
0.003	0.043	0.043	0.770	0.033	0.014	0.034	593051485497217024
0.004	0.052	0.033	0.770	0.015	0.022	0.043	593053376209784832
0.004	0.052	0.044	0.760	0.013	0.023	0.033	593053949529296896
0.014	0.033	0.043	0.760	0.053	0.004	0.023	593054920254689280
0.004	0.052	0.043	0.761	0.022	0.013	0.033	593054632622034944
0.003	0.054	0.033	0.760	0.013	0.023	0.043	593054273677762562
0.003	0.053	0.032	0.740	0.015	0.023	0.063	593063700312920064
0.005	0.034	0.023	0.769	0.013	0.052	0.042	593056018675924992
0.005	0.053	0.043	0.770	0.013	0.023	0.033	593055862752563200
0.002	0.055	0.061	0.722	0.013	0.033	0.043	593058683916931072
0.012	0.021	0.053	0.742	0.015	0.024	0.063	593058908383522816
0.012	0.033	0.053	0.732	0.003	0.033	0.064	593055397709230080
0.004	0.051	0.035	0.769	0.013	0.024	0.043	593069787875549185
0.044	0.034	0.024	0.760	0.003	0.012	0.053	593065723573837827
0.004	0.043	0.034	0.760	0.015	0.024	0.061	593067373143306242
0.002	0.044	0.033	0.760	0.024	0.013	0.054	593069815645900801
0.002	0.044	0.054	0.760	0.023	0.013	0.033	593064401437007873
0.013	0.053	0.033	0.761	0.042	0.004	0.023	593062016408915969
0.003	0.062	0.042	0.751	0.024	0.014	0.033	593067186639470592
0.005	0.061	0.042	0.751	0.015	0.022	0.032	593068898158653440
0.002	0.063	0.053	0.732	0.023	0.012	0.043	593068678448545793
0.002	0.044	0.042	0.742	0.013	0.063	0.023	593069291492216833
0.005	0.052	0.033	0.751	0.014	0.023	0.053	593072179018792960
0.005	0.053	0.043	0.770	0.013	0.034	0.023	593071188454191104
0.004	0.043	0.034	0.770	0.014	0.022	0.053	593071906225524736
0.005	0.042	0.033	0.769	0.016	0.023	0.053	593070829723725824
0.005	0.033	0.043	0.769	0.015	0.023	0.053	593071348294881281
0.003	0.043	0.033	0.760	0.013	0.023	0.054	593070009468854273
0.003	0.033	0.054	0.761	0.012	0.023	0.043	593081515828846593
0.004	0.053	0.033	0.770	0.013	0.023	0.044	593081396744343552
0.003	0.042	0.034	0.771	0.014	0.023	0.052	593081712051036162
0.003	0.043	0.053	0.760	0.023	0.015	0.033	593081708582318080
0.005	0.043	0.033	0.770	0.022	0.053	0.013	593081704224575488
0.003	0.023	0.033	0.761	0.014	0.053	0.042	593081678018449410
0.002	0.042	0.052	0.763	0.023	0.014	0.033	593078251301543937
0.005	0.040	0.032	0.761	0.015	0.023	0.063	593082933847556097
0.005	0.032	0.031	0.731	0.014	0.063	0.063	593084417435906049
0.002	0.064	0.032	0.753	0.023	0.013	0.043	593081402880491520
0.004	0.042	0.052	0.762	0.024	0.015	0.032	593087153971822592
0.003	0.305	0.033	0.510	0.015	0.022	0.054	593085520839778304
0.003	0.053	0.043	0.761	0.022	0.014	0.033	593087196338454528
0.004	0.061	0.042	0.761	0.024	0.015	0.033	593090443577024512
0.013	0.042	0.053	0.760	0.024	0.003	0.034	593089041362386944
0.004	0.042	0.033	0.761	0.014	0.022	0.053	593087214164287488
0.004	0.061	0.033	0.763	0.013	0.023	0.043	593096275836342272
0.004	0.052	0.035	0.769	0.014	0.023	0.042	593092320653869057
0.005	0.043	0.022	0.770	0.015	0.042	0.043	593093052123615234
0.030	0.071	0.044	0.682	0.004	0.018	0.057	593748277469687810
0.003	0.057	0.057	0.670	0.031	0.017	0.071	593748379215134721
0.018	0.045	0.031	0.682	0.005	0.070	0.056	593750834019639296
0.044	0.044	0.044	0.695	0.017	0.018	0.058	593747411102633984
0.004	0.047	0.068	0.692	0.020	0.033	0.057	593751049229307904
0.005	0.056	0.045	0.693	0.019	0.033	0.070	593749570745606144
0.002	0.084	0.058	0.643	0.017	0.031	0.071	593748490963976192
0.005	0.070	0.045	0.693	0.019	0.031	0.057	593748174625341441
0.006	0.057	0.031	0.680	0.017	0.058	0.058	593756473244524544
0.016	0.046	0.059	0.695	0.005	0.032	0.068	593756470249947137
0.005	0.057	0.031	0.679	0.018	0.072	0.044	593754257913827330
0.005	0.070	0.044	0.681	0.031	0.019	0.058	593759317263654912
0.030	0.072	0.044	0.545	0.018	0.005	0.208	593755247048151040
0.017	0.069	0.044	0.656	0.005	0.033	0.083	593751382966034432
0.005	0.070	0.045	0.693	0.018	0.032	0.058	593759917024108544
0.005	0.056	0.045	0.693	0.033	0.019	0.071	593752124040712193
0.017	0.055	0.045	0.697	0.018	0.020	0.069	593766165899382785
0.017	0.083	0.030	0.643	0.005	0.058	0.071	593761679189508098
0.007	0.069	0.043	0.656	0.018	0.029	0.085	593766946572607489
0.032	0.044	0.070	0.683	0.017	0.003	0.057	593762937451360257
0.004	0.072	0.032	0.692	0.017	0.044	0.058	593758170389970945
0.002	0.057	0.043	0.684	0.017	0.032	0.072	593759740645154816
0.019	0.058	0.068	0.682	0.043	0.006	0.031	593765783165009921
0.018	0.059	0.072	0.681	0.029	0.003	0.045	593765786428121088
0.004	0.084	0.069	0.641	0.021	0.030	0.056	593765451097772032
0.004	0.071	0.045	0.694	0.019	0.030	0.058	593769026515435521
0.005	0.072	0.046	0.692	0.018	0.033	0.055	593768838249996288
0.031	0.083	0.059	0.693	0.018	0.007	0.045	593775226426556416
0.018	0.069	0.032	0.692	0.006	0.045	0.057	593768029898440706
0.007	0.055	0.045	0.681	0.019	0.032	0.068	593771750162190336
0.018	0.071	0.031	0.643	0.004	0.070	0.070	593771243653836801
0.005	0.083	0.070	0.641	0.032	0.019	0.057	593772766215692289
0.002	0.060	0.031	0.693	0.019	0.044	0.072	593771113613697026
0.018	0.058	0.030	0.681	0.005	0.044	0.071	593771424143147008
0.006	0.068	0.084	0.643	0.029	0.019	0.057	593765071949533184
0.005	0.070	0.045	0.680	0.018	0.030	0.058	593769019154403330
0.019	0.058	0.068	0.682	0.043	0.007	0.031	593765783982837760
0.003	0.070	0.044	0.696	0.019	0.044	0.044	593778378517413888
0.007	0.081	0.029	0.656	0.020	0.043	0.070	593779233694031872
0.018	0.058	0.058	0.695	0.031	0.004	0.058	593780258194624512
0.006	0.071	0.057	0.694	0.017	0.031	0.044	593776857096462336
0.005	0.084	0.057	0.642	0.031	0.018	0.070	593775807782211584
0.004	0.044	0.044	0.683	0.017	0.071	0.043	593784492491468801
0.004	0.083	0.070	0.642	0.021	0.031	0.056	593787924895797250
0.018	0.069	0.031	0.681	0.005	0.044	0.058	593788826134269952
0.002	0.044	0.085	0.657	0.030	0.016	0.071	593788609884336128
0.016	0.057	0.044	0.695	0.005	0.031	0.072	593795184057393152
0.004	0.042	0.057	0.671	0.019	0.031	0.083	593792951182073856
0.031	0.070	0.043	0.684	0.017	0.005	0.057	593784657461776384
0.018	0.058	0.058	0.696	0.030	0.004	0.058	593786726134460416
0.007	0.057	0.044	0.693	0.019	0.029	0.072	593784437713698816
0.004	0.030	0.044	0.682	0.017	0.058	0.071	593804312179945473
0.031	0.032	0.056	0.668	0.006	0.032	0.082	593800355751727106
0.004	0.069	0.046	0.654	0.020	0.031	0.082	593795957919240192
0.005	0.044	0.058	0.692	0.019	0.032	0.071	593796114056282112
0.003	0.083	0.071	0.643	0.017	0.031	0.057	593796067835006976
0.006	0.072	0.044	0.693	0.018	0.031	0.058	593794517968420864
0.019	0.032	0.043	0.668	0.006	0.069	0.070	593796347049947137
0.006	0.069	0.045	0.693	0.021	0.030	0.057	593810178820034560
0.005	0.044	0.057	0.694	0.019	0.030	0.071	593813673975513088
0.005	0.072	0.044	0.692	0.017	0.032	0.057	593805936537407488
0.007	0.083	0.042	0.668	0.021	0.031	0.055	593815296324071424
0.003	0.069	0.045	0.655	0.020	0.031	0.084	593805394356490241
0.004	0.043	0.056	0.682	0.031	0.020	0.071	593805261321609216
0.005	0.058	0.045	0.694	0.017	0.031	0.070	593821308271493120
0.017	0.070	0.044	0.682	0.030	0.004	0.059	593820571718287360
0.004	0.044	0.058	0.695	0.017	0.032	0.072	593822705100591104
0.005	0.071	0.046	0.692	0.018	0.031	0.055	593822491518210048
0.006	0.081	0.056	0.643	0.019	0.030	0.070	593812059357196288
0.004	0.045	0.058	0.695	0.031	0.018	0.071	593822760423424000
0.002	0.057	0.084	0.630	0.031	0.032	0.071	593819870111739905
0.004	0.056	0.048	0.693	0.019	0.030	0.071	593824574195675136
0.020	0.044	0.056	0.695	0.031	0.006	0.069	593827350715957249
0.006	0.070	0.044	0.693	0.019	0.030	0.058	593829708896153600
0.007	0.044	0.031	0.693	0.017	0.070	0.057	593829723496558592
0.019	0.088	0.071	0.587	0.036	0.009	0.073	595058582439112704
0.022	0.087	0.106	0.571	0.037	0.022	0.039	595075398406262784
0.021	0.071	0.089	0.552	0.038	0.006	0.106	595047877711278080
0.006	0.088	0.055	0.616	0.024	0.039	0.073	595097191229730816
0.055	0.054	0.072	0.620	0.022	0.006	0.071	595091661459435520
0.040	0.072	0.072	0.601	0.004	0.022	0.073	595081263750500353
0.040	0.068	0.057	0.618	0.008	0.024	0.086	595079946441097216
0.007	0.085	0.053	0.570	0.025	0.040	0.103	595081976727478272
0.006	0.069	0.056	0.602	0.024	0.039	0.087	595081262668390400
0.021	0.104	0.040	0.556	0.004	0.071	0.088	595108111024664577
0.021	0.070	0.088	0.604	0.054	0.009	0.037	595093612301406208
0.005	0.087	0.056	0.616	0.025	0.041	0.072	595090623457263616
0.022	0.056	0.073	0.600	0.006	0.037	0.088	595092473581412352
0.009	0.038	0.054	0.618	0.027	0.087	0.069	595098355744649216
0.021	0.070	0.088	0.604	0.054	0.009	0.037	595093610934046720
0.038	0.073	0.089	0.616	0.023	0.006	0.056	595092726753980416
0.005	0.102	0.071	0.570	0.023	0.038	0.073	595094917531197440
0.006	0.073	0.057	0.617	0.022	0.040	0.087	595112640105586689
0.005	0.070	0.088	0.552	0.041	0.024	0.104	595112366121037824
0.037	0.073	0.087	0.553	0.023	0.007	0.104	595115045186449408
0.022	0.088	0.072	0.616	0.007	0.038	0.055	595110017512136704
0.038	0.072	0.074	0.617	0.005	0.023	0.072	595100505174450176
0.004	0.072	0.054	0.602	0.039	0.022	0.090	595107198054866945
0.006	0.070	0.088	0.552	0.041	0.024	0.104	595110494970585088
0.021	0.104	0.071	0.553	0.007	0.039	0.088	595104391050305536
0.021	0.070	0.088	0.604	0.054	0.009	0.037	595102332196532224
0.021	0.088	0.088	0.586	0.054	0.009	0.037	595102336571158528
0.008	0.086	0.053	0.569	0.025	0.039	0.102	595105982994223104
0.008	0.042	0.069	0.616	0.024	0.087	0.055	595108338565709825
0.021	0.070	0.088	0.604	0.054	0.009	0.037	595102334453035008
0.007	0.070	0.054	0.601	0.026	0.038	0.088	595100704651358208
0.005	0.044	0.055	0.616	0.023	0.070	0.086	595127164573327360
0.038	0.021	0.088	0.554	0.105	0.007	0.070	595122940535934976
0.037	0.056	0.072	0.589	0.004	0.022	0.103	595117249142349825
0.021	0.088	0.054	0.570	0.039	0.007	0.105	595119707604135936
0.038	0.054	0.072	0.603	0.038	0.009	0.071	595130659284393984
0.009	0.085	0.070	0.553	0.023	0.039	0.103	595113582355845120
0.005	0.070	0.088	0.552	0.041	0.024	0.104	595116350835679232
0.005	0.071	0.053	0.602	0.040	0.024	0.087	595111870723330048
0.038	0.054	0.070	0.587	0.007	0.024	0.104	595122429518684160
0.038	0.088	0.071	0.571	0.021	0.006	0.089	595122205777743873
0.039	0.069	0.056	0.617	0.009	0.022	0.089	595117844787908609
0.004	0.091	0.073	0.616	0.038	0.021	0.056	595139498628943873
0.022	0.072	0.055	0.603	0.007	0.037	0.088	595141104942522368
0.007	0.039	0.053	0.587	0.023	0.073	0.102	595137064439513088
0.005	0.071	0.037	0.616	0.023	0.055	0.090	595139498612101120
0.023	0.072	0.087	0.617	0.041	0.006	0.056	595139047871221761
0.021	0.071	0.088	0.603	0.039	0.006	0.054	595127129643225088
0.023	0.053	0.070	0.586	0.007	0.042	0.104	595127440218918912
0.055	0.040	0.088	0.622	0.005	0.021	0.071	595128944585613312
0.038	0.057	0.088	0.537	0.055	0.004	0.104	595158274929860609
0.022	0.056	0.056	0.598	0.006	0.072	0.073	595135160766464000
0.055	0.056	0.056	0.492	0.021	0.008	0.214	595163088090890241
0.039	0.087	0.072	0.603	0.022	0.007	0.054	595168877849489408
0.007	0.087	0.037	0.603	0.023	0.055	0.071	595180785801555970
0.022	0.088	0.057	0.616	0.006	0.040	0.071	595178256120184832
0.009	0.053	0.118	0.586	0.024	0.038	0.071	595176986785394688
0.006	0.071	0.055	0.604	0.022	0.038	0.088	595176521188438016
0.022	0.071	0.088	0.552	0.040	0.005	0.105	595181830908678144
0.008	0.055	0.037	0.618	0.024	0.087	0.072	595172481570222080
0.039	0.089	0.055	0.618	0.021	0.007	0.072	595201214297538560
0.037	0.088	0.054	0.606	0.022	0.005	0.071	595202005125070848
0.007	0.053	0.071	0.617	0.026	0.039	0.088	595189376235098114
0.009	0.103	0.054	0.570	0.021	0.039	0.087	595191594657026048
0.006	0.072	0.057	0.616	0.023	0.038	0.090	595191363064307712
0.006	0.070	0.040	0.584	0.026	0.055	0.102	595178235324866560
0.038	0.071	0.055	0.603	0.022	0.023	0.072	595203143958274049
0.005	0.090	0.056	0.602	0.022	0.037	0.073	595204176092606464
0.037	0.055	0.073	0.620	0.006	0.022	0.089	595203746419769344
0.072	0.088	0.055	0.621	0.005	0.023	0.037	595215445080190976
0.054	0.073	0.071	0.603	0.022	0.006	0.055	595203063679299584
0.020	0.105	0.056	0.571	0.003	0.039	0.089	595204535317991424
0.009	0.088	0.054	0.616	0.026	0.038	0.070	595214400442630145
0.021	0.055	0.088	0.554	0.054	0.005	0.107	595210153953136640
0.006	0.070	0.054	0.587	0.025	0.037	0.105	595206661297479680
0.009	0.090	0.054	0.616	0.038	0.021	0.073	595191774324338688
0.006	0.057	0.073	0.617	0.023	0.039	0.087	595204436936396800
0.000	0.000	1.000	2.000	0.000	0.000	0.000	592231336330428416
0.000	0.000	0.000	2.000	1.000	0.000	0.000	592229731010883584
0.000	0.000	3.000	2.000	0.000	0.000	0.000	592263482415845376
1.000	1.000	1.000	3.000	0.000	1.000	3.000	592250977043910656
1.000	0.000	1.000	2.000	0.000	0.000	0.000	592297663246114816
0.000	0.000	2.000	2.000	0.000	1.000	1.000	592316116346605568
0.000	0.000	0.000	2.000	0.000	0.000	0.000	592325770971717632
0.000	0.000	0.000	3.000	0.000	0.000	1.000	592323196784812032
0.000	1.000	0.000	2.000	0.000	0.000	0.000	592346324286050305
1.000	0.000	0.000	2.000	0.000	0.000	1.000	592340045224345601
1.000	0.000	0.000	2.000	0.000	0.000	1.000	592337675685888000
1.000	0.000	0.000	2.000	0.000	0.000	4.000	592344097743998976
0.000	0.000	0.000	2.000	0.000	0.000	0.000	592348601184952321
1.000	0.000	0.000	2.000	0.000	0.000	1.000	592370464355262464
1.000	0.000	0.000	2.000	0.000	0.000	1.000	592376200070324225
1.000	0.000	0.000	2.000	0.000	0.000	2.000	592368286785884161
0.000	0.000	0.000	2.000	0.000	0.000	0.000	592361319283593216
0.000	0.000	0.000	2.000	0.000	0.000	1.000	592382868963205120
0.000	0.000	0.000	2.000	0.000	0.000	0.000	592371475799146496
1.000	1.000	0.000	2.000	0.000	0.000	3.000	592388013201600513
1.000	0.000	1.000	3.000	0.000	1.000	3.000	592393226486591488
1.000	0.000	0.000	2.000	0.000	0.000	1.000	592393244136185856
0.000	0.000	0.000	3.000	0.000	0.000	1.000	592390023326011395
1.000	0.000	0.000	2.000	0.000	0.000	4.000	592394775094951936
0.000	0.000	0.000	2.000	0.000	0.000	0.000	592464438902460416
0.000	0.000	0.000	3.000	0.000	0.000	3.000	592465755528142848
0.000	0.000	0.000	2.000	0.000	0.000	1.000	592471273499791360
0.000	1.000	0.000	3.000	0.000	0.000	1.000	592481862737633283
1.000	1.000	1.000	3.000	1.000	0.000	0.000	592478202473287680
1.000	0.000	0.000	2.000	0.000	0.000	0.000	592492841575677952
0.000	0.000	0.000	2.000	0.000	0.000	0.000	592500124577726464
0.000	0.000	0.000	2.000	0.000	0.000	0.000	592497519357100034
0.000	0.000	0.000	2.000	0.000	0.000	0.000	592501411478249472
0.000	0.000	0.000	2.000	0.000	0.000	0.000	592510328723755008
0.000	0.000	1.000	3.000	0.000	0.000	0.000	592513999612170240
0.000	0.000	0.000	3.000	0.000	0.000	1.000	592513596531220481
0.000	0.000	0.000	2.000	0.000	0.000	0.000	592511479695462400
0.000	0.000	1.000	2.000	0.000	0.000	0.000	592513120888750081
0.000	0.000	0.000	2.000	0.000	0.000	2.000	592508489580216320
0.000	0.000	0.000	2.000	0.000	0.000	0.000	592508201607634946
0.000	0.000	0.000	2.000	0.000	0.000	1.000	592508488082792448
0.000	0.000	0.000	2.000	1.000	0.000	0.000	592516963731001345
0.000	0.000	0.000	2.000	0.000	0.000	1.000	592520620572708864
0.000	0.000	0.000	2.000	0.000	0.000	2.000	592517825475936258
0.000	0.000	0.000	2.000	0.000	0.000	2.000	592527011890860032
0.000	0.000	0.000	2.000	0.000	0.000	0.000	592526965296402432
0.000	0.000	0.000	2.000	0.000	0.000	1.000	592531443630256129
0.000	0.000	0.000	3.000	0.000	0.000	1.000	592536011244113921
0.000	0.000	0.000	2.000	0.000	0.000	1.000	592540175248465920
0.000	0.000	0.000	2.000	0.000	0.000	0.000	592537589015445504
0.000	0.000	0.000	2.000	0.000	0.000	3.000	592542155027054592
0.000	0.000	0.000	2.000	0.000	0.000	0.000	592547340147302400
0.000	0.000	0.000	2.000	0.000	1.000	0.000	592545757464432641
0.000	0.000	0.000	2.000	0.000	0.000	0.000	592548184179748865
1.000	0.000	2.000	2.000	0.000	0.000	0.000	592549088886923264
0.000	0.000	0.000	2.000	0.000	0.000	1.000	592548800360615936
1.000	0.000	0.000	3.000	1.000	1.000	0.000	592552801546305536
0.000	0.000	0.000	2.000	0.000	0.000	2.000	592552879686225920
0.000	0.000	0.000	2.000	0.000	0.000	2.000	592555081435713537
0.000	0.000	0.000	2.000	0.000	0.000	2.000	592556726391578624
0.000	0.000	0.000	2.000	0.000	0.000	2.000	592556056636686336
0.000	1.000	0.000	2.000	0.000	0.000	0.000	592557408045572096
0.000	0.000	0.000	2.000	0.000	0.000	0.000	592562182295932928
0.000	0.000	0.000	2.000	0.000	0.000	1.000	592562185655615488
0.000	0.000	0.000	2.000	0.000	0.000	0.000	592562750905188352
0.000	0.000	0.000	2.000	0.000	0.000	0.000	592565389550161920
0.000	0.000	0.000	2.000	0.000	0.000	1.000	592565518478905344
1.000	0.000	0.000	2.000	0.000	0.000	1.000	592570796675092482
0.000	1.000	0.000	3.000	1.000	0.000	0.000	592570825242386434
0.000	0.000	1.000	2.000	0.000	0.000	0.000	592570242137657344
0.000	0.000	0.000	2.000	0.000	0.000	0.000	592571191795154944
0.000	0.000	0.000	2.000	0.000	0.000	0.000	592572414032097280
0.000	0.000	0.000	2.000	0.000	0.000	0.000	592571829782519808
0.000	0.000	0.000	2.000	0.000	0.000	1.000	592574905503391744
0.000	1.000	0.000	2.000	0.000	0.000	0.000	592573678371479553
0.000	0.000	0.000	2.000	0.000	0.000	0.000	592575834981990400
0.000	0.000	0.000	2.000	0.000	0.000	0.000	592577798855786496
0.000	0.000	0.000	2.000	0.000	0.000	1.000	592577631729557504
0.000	0.000	0.000	2.000	0.000	0.000	0.000	592577880229605376
1.000	0.000	0.000	2.000	0.000	1.000	0.000	592580252481638400
0.000	0.000	0.000	2.000	0.000	0.000	1.000	592580704887656449
0.000	0.000	0.000	2.000	0.000	0.000	0.000	592580854708195328
0.000	0.000	0.000	2.000	0.000	0.000	0.000	592584051040587777
0.000	0.000	0.000	2.000	0.000	0.000	1.000	592583957981495297
0.000	0.000	0.000	2.000	0.000	0.000	0.000	592582023824314368
0.000	0.000	0.000	2.000	0.000	0.000	1.000	592582144439885824
0.000	0.000	0.000	2.000	0.000	0.000	0.000	592585419226685440
0.000	0.000	0.000	2.000	0.000	0.000	0.000	592586364794732544
0.000	1.000	0.000	2.000	0.000	0.000	0.000	592584477890621440
0.000	0.000	0.000	2.000	0.000	0.000	2.000	592591457799667712
0.000	0.000	0.000	2.000	0.000	0.000	0.000	592591882913447938
0.000	0.000	0.000	2.000	0.000	0.000	1.000	592595012950491138
0.000	1.000	0.000	2.000	0.000	1.000	0.000	592596564125687808
0.000	0.000	0.000	2.000	0.000	0.000	1.000	592601063175245825
0.000	0.000	0.000	2.000	0.000	0.000	2.000	592599607395225600
0.000	2.000	0.000	3.000	0.000	0.000	0.000	592601655046184960
0.000	0.000	0.000	2.000	0.000	1.000	0.000	592602457173286913
0.000	1.000	0.000	2.000	0.000	0.000	1.000	592601836017717248
0.000	0.000	0.000	2.000	0.000	0.000	2.000	592604182605131776
0.000	0.000	0.000	2.000	0.000	0.000	1.000	592603029637099520
0.000	0.000	0.000	2.000	0.000	0.000	1.000	592602798514024448
0.000	0.000	0.000	2.000	0.000	0.000	0.000	592606493775659009
0.000	0.000	0.000	3.000	0.000	0.000	1.000	592606358605733888
0.000	1.000	0.000	2.000	0.000	0.000	0.000	592608273498406912
0.000	0.000	0.000	2.000	0.000	0.000	1.000	592610607255277568
0.000	0.000	0.000	2.000	0.000	0.000	0.000	592613447868616704
0.000	0.000	0.000	2.000	0.000	0.000	0.000	592616022462615552
0.000	0.000	0.000	2.000	0.000	0.000	0.000	592620606530592769
0.000	0.000	0.000	2.000	0.000	0.000	2.000	592620400120434688
0.000	1.000	0.000	2.000	0.000	0.000	1.000	592623301001912320
0.000	0.000	0.000	2.000	0.000	0.000	0.000	592624125119627265
0.000	0.000	0.000	2.000	0.000	0.000	0.000	592624712477454337
0.000	0.000	0.000	2.000	0.000	0.000	0.000	592623313643376641
0.000	3.000	0.000	2.000	4.000	0.000	1.000	592629652818034688
0.000	0.000	0.000	3.000	0.000	0.000	0.000	592634399440523265
0.000	1.000	0.000	2.000	0.000	0.000	0.000	592636931806212096
0.000	2.000	0.000	2.000	0.000	0.000	1.000	592639304519802880
0.000	0.000	0.000	2.000	0.000	0.000	0.000	592636278753009665
0.000	0.000	0.000	2.000	0.000	0.000	1.000	592640367008337920
0.000	0.000	0.000	3.000	0.000	0.000	0.000	592640491826601984
0.000	1.000	0.000	2.000	0.000	0.000	0.000	592644520619081730
0.000	0.000	0.000	2.000	0.000	0.000	0.000	592645433564012545
0.000	0.000	0.000	2.000	0.000	0.000	0.000	592648183240601600
0.000	0.000	0.000	3.000	0.000	0.000	0.000	592647937752174592
0.000	0.000	0.000	2.000	0.000	0.000	1.000	592644716975427585
0.000	0.000	0.000	2.000	0.000	0.000	0.000	592650488375549953
0.000	0.000	0.000	3.000	0.000	0.000	0.000	592650977926377473
0.000	0.000	0.000	2.000	0.000	0.000	0.000	592652895713112065
0.000	0.000	0.000	2.000	0.000	0.000	0.000	592653685202821120
0.000	0.000	0.000	2.000	0.000	0.000	0.000	592658016098451456
0.000	0.000	0.000	3.000	0.000	0.000	0.000	592684317958090752
0.000	0.000	0.000	3.000	0.000	0.000	1.000	592689671743938562
0.000	0.000	0.000	2.000	0.000	0.000	0.000	592691334743465984
0.000	0.000	0.000	2.000	0.000	0.000	2.000	592692367167225856
0.000	0.000	0.000	2.000	0.000	0.000	0.000	592693477646925825
0.000	0.000	0.000	2.000	0.000	0.000	0.000	592691775325745153
0.000	0.000	0.000	2.000	0.000	0.000	0.000	592695143515455488
0.000	0.000	0.000	3.000	0.000	0.000	0.000	592697235432935425
0.000	2.000	0.000	2.000	0.000	0.000	1.000	592697748400517121
0.000	0.000	0.000	2.000	0.000	0.000	0.000	592699299949064192
0.000	0.000	0.000	2.000	0.000	0.000	0.000	592702160183402498
0.000	0.000	0.000	3.000	0.000	0.000	1.000	592700748321976321
0.000	0.000	0.000	3.000	0.000	0.000	0.000	592701408132083712
0.000	0.000	0.000	2.000	0.000	0.000	0.000	592701821573038080
0.000	0.000	0.000	2.000	0.000	0.000	3.000	592704461107236864
0.000	0.000	0.000	2.000	0.000	0.000	0.000	592705014432423936
0.000	0.000	0.000	2.000	0.000	0.000	1.000	592705994200883202
1.000	1.000	0.000	2.000	0.000	0.000	0.000	592709938973118465
0.000	0.000	0.000	2.000	0.000	0.000	0.000	592711715265056769
0.000	0.000	0.000	2.000	0.000	0.000	1.000	592712464481001474
0.000	0.000	0.000	2.000	0.000	0.000	0.000	592715678253191170
0.000	0.000	1.000	2.000	0.000	0.000	0.000	592714535284436994
0.000	0.000	0.000	2.000	0.000	0.000	0.000	592716995851898881
0.000	0.000	0.000	2.000	0.000	0.000	0.000	592720454600761345
0.000	0.000	0.000	2.000	0.000	0.000	0.000	592719331127099392
0.000	0.000	0.000	2.000	0.000	0.000	0.000	592719068978876418
0.000	0.000	0.000	2.000	0.000	0.000	0.000	592723037306359808
0.000	0.000	0.000	2.000	0.000	0.000	0.000	592720595122520064
0.000	0.000	0.000	2.000	0.000	0.000	0.000	592724412442488833
0.000	0.000	0.000	2.000	0.000	0.000	0.000	592724707310510080
0.000	0.000	0.000	2.000	0.000	0.000	1.000	592729851968225282
0.000	0.000	0.000	2.000	0.000	0.000	0.000	592728803362873345
0.000	0.000	0.000	2.000	0.000	0.000	0.000	592729284709654529
0.000	1.000	1.000	2.000	1.000	0.000	0.000	592726864424206336
0.000	0.000	0.000	2.000	0.000	0.000	0.000	592730683640041475
0.000	1.000	0.000	2.000	0.000	0.000	1.000	592730402177032193
0.000	0.000	0.000	2.000	0.000	0.000	0.000	592731754693275649
0.000	0.000	0.000	2.000	2.000	0.000	0.000	592734278947053568
3.000	1.000	3.000	2.000	1.000	0.000	0.000	592732853319901184
0.000	0.000	0.000	2.000	0.000	0.000	0.000	592734241395482624
0.000	0.000	0.000	2.000	0.000	0.000	1.000	592734283212685313
0.000	0.000	0.000	4.000	0.000	0.000	1.000	592738964513136642
0.000	0.000	0.000	2.000	0.000	0.000	0.000	592737948958851073
0.000	0.000	0.000	2.000	0.000	0.000	0.000	592744100966879232
0.000	0.000	0.000	2.000	0.000	0.000	0.000	592741233883291649
0.000	0.000	0.000	2.000	0.000	0.000	0.000	592742327661244418
0.000	0.000	0.000	2.000	0.000	0.000	1.000	592746439069016064
0.000	0.000	0.000	2.000	0.000	0.000	0.000	592750407065194498
0.000	0.000	0.000	2.000	0.000	0.000	0.000	592751810084999169
0.000	0.000	1.000	3.000	0.000	0.000	2.000	592750046594072579
0.000	0.000	0.000	2.000	0.000	0.000	0.000	592753780283826177
0.000	0.000	0.000	2.000	0.000	0.000	0.000	592757073663959041
0.000	0.000	0.000	2.000	0.000	0.000	0.000	592756004921733122
0.000	0.000	0.000	2.000	0.000	0.000	1.000	592755949737222144
1.000	0.000	0.000	2.000	0.000	0.000	0.000	592760429945999362
0.000	0.000	0.000	2.000	0.000	0.000	0.000	592764069339406338
0.000	0.000	0.000	2.000	0.000	0.000	0.000	592763344307748865
0.000	1.000	0.000	2.000	0.000	0.000	0.000	592771379625353216
0.000	0.000	0.000	2.000	0.000	0.000	0.000	592764613139296258
0.000	0.000	1.000	2.000	0.000	0.000	1.000	592767782271524864
0.000	0.000	0.000	2.000	0.000	0.000	0.000	592767906418708480
0.000	0.000	0.000	2.000	0.000	0.000	0.000	592771532860092417
0.000	0.000	0.000	2.000	0.000	0.000	0.000	592779865335701504
0.000	0.000	0.000	2.000	0.000	0.000	0.000	592780414533664768
0.000	0.000	0.000	2.000	0.000	0.000	0.000	592783622685462528
0.000	0.000	0.000	2.000	0.000	0.000	1.000	592778282011107332
0.000	0.000	0.000	2.000	0.000	0.000	0.000	592772990175158272
0.000	0.000	0.000	2.000	0.000	0.000	0.000	592787621996273665
0.000	0.000	0.000	2.000	0.000	0.000	0.000	592800404557139969
1.000	0.000	0.000	2.000	0.000	1.000	3.000	592794390961254400
0.000	1.000	0.000	2.000	0.000	0.000	0.000	592801684952371200
0.000	0.000	0.000	2.000	0.000	0.000	0.000	592827793609773056
0.000	0.000	0.000	2.000	0.000	0.000	0.000	592826665178419200
0.000	0.000	0.000	2.000	0.000	0.000	0.000	592833654885351425
0.000	1.000	1.000	2.000	0.000	0.000	1.000	592838438065438721
0.000	0.000	0.000	2.000	0.000	0.000	0.000	592845636988444673
0.000	0.000	0.000	2.000	0.000	0.000	0.000	592848356772306945
0.000	0.000	0.000	2.000	0.000	0.000	0.000	592847716092350465
0.000	0.000	0.000	2.000	0.000	0.000	0.000	592842734915985409
0.000	2.000	0.000	2.000	0.000	0.000	0.000	592842733280169986
0.000	0.000	0.000	2.000	0.000	0.000	0.000	592862401663541249
0.000	0.000	0.000	3.000	0.000	0.000	1.000	592860878975967233
0.000	1.000	0.000	2.000	0.000	0.000	0.000	592873571925532674
0.000	0.000	0.000	4.000	0.000	0.000	0.000	592873568326787074
0.000	1.000	0.000	2.000	0.000	0.000	0.000	592863579944185856
0.000	0.000	0.000	2.000	0.000	0.000	0.000	592866042382266368
0.000	0.000	0.000	2.000	0.000	0.000	0.000	592874129595969536
0.000	1.000	0.000	2.000	1.000	0.000	2.000	592889285692542976
0.000	0.000	0.000	2.000	0.000	0.000	0.000	592894024454922240
0.000	0.000	0.000	2.000	0.000	0.000	0.000	592892913572511744
0.000	0.000	1.000	2.000	0.000	0.000	0.000	592896953169661952
0.000	1.000	0.000	2.000	0.000	0.000	1.000	592899341951569920
0.000	0.000	0.000	3.000	0.000	0.000	0.000	592901229224800256
0.000	0.000	0.000	2.000	1.000	0.000	0.000	592903734428045313
0.000	0.000	0.000	2.000	0.000	0.000	1.000	592900679422869505
0.000	1.000	0.000	2.000	0.000	0.000	1.000	592905057257037825
0.000	0.000	0.000	2.000	0.000	0.000	0.000	592907185887301632
0.000	0.000	0.000	4.000	0.000	0.000	1.000	592909268011098112
0.000	0.000	0.000	3.000	0.000	0.000	1.000	592907952266354688
0.000	0.000	0.000	2.000	0.000	0.000	0.000	592914793167605760
0.000	0.000	0.000	3.000	0.000	0.000	0.000	592913442828193793
0.000	0.000	0.000	2.000	0.000	0.000	0.000	592919166534881280
0.000	0.000	0.000	2.000	0.000	0.000	0.000	592918200607584257
0.000	0.000	0.000	2.000	0.000	0.000	1.000	592917329266155520
0.000	1.000	0.000	2.000	0.000	0.000	0.000	592927508753948672
0.000	0.000	0.000	4.000	0.000	0.000	0.000	592927728304656384
0.000	0.000	0.000	2.000	0.000	0.000	0.000	592933845961297920
0.000	0.000	0.000	2.000	0.000	0.000	0.000	592930510550081537
0.000	0.000	0.000	3.000	0.000	0.000	0.000	592938689325465600
0.000	0.000	0.000	2.000	0.000	0.000	1.000	592942392778616832
0.000	0.000	0.000	2.000	0.000	0.000	0.000	592944609422094336
0.000	0.000	0.000	2.000	0.000	0.000	0.000	592943794384867329
0.000	0.000	1.000	2.000	0.000	0.000	0.000	592947179641114624
0.000	0.000	0.000	2.000	0.000	0.000	0.000	592944389149732864
0.000	0.000	0.000	2.000	0.000	0.000	0.000	592950817398857728
0.000	0.000	0.000	2.000	0.000	0.000	2.000	592951894630248448
0.000	0.000	0.000	2.000	0.000	1.000	0.000	592959391051055104
0.000	0.000	0.000	2.000	0.000	0.000	0.000	592956870115098624
0.000	0.000	0.000	2.000	0.000	0.000	0.000	592959120476536832
0.000	0.000	0.000	2.000	0.000	0.000	0.000	592964825816309760
0.000	0.000	0.000	2.000	0.000	0.000	0.000	592961066977644544
1.000	1.000	0.000	2.000	0.000	0.000	0.000	592960930129969152
0.000	0.000	0.000	2.000	0.000	0.000	0.000	592960155043627008
0.000	0.000	0.000	3.000	0.000	0.000	0.000	592961592376995841
0.000	0.000	1.000	2.000	0.000	0.000	0.000	592962765616123906
0.000	0.000	0.000	2.000	0.000	0.000	0.000	592965788010577920
0.000	0.000	0.000	2.000	0.000	0.000	1.000	592974164430102528
0.000	0.000	0.000	2.000	0.000	0.000	0.000	592974273553149952
0.000	0.000	0.000	2.000	0.000	0.000	0.000	592975554581663745
0.000	0.000	0.000	2.000	0.000	0.000	0.000	592976777447919616
0.000	0.000	0.000	2.000	0.000	0.000	0.000	592974397234810881
0.000	0.000	0.000	3.000	0.000	0.000	0.000	592978965054128128
0.000	0.000	0.000	3.000	0.000	0.000	0.000	592979080510767104
0.000	0.000	0.000	3.000	0.000	0.000	0.000	592978919281692672
0.000	0.000	1.000	2.000	0.000	0.000	0.000	592978460018089985
0.000	0.000	0.000	2.000	0.000	0.000	0.000	592983401411383296
0.000	0.000	0.000	3.000	0.000	0.000	1.000	592985806639337472
1.000	1.000	0.000	3.000	0.000	0.000	3.000	592984153014083584
0.000	0.000	0.000	2.000	0.000	0.000	0.000	592995476309315584
0.000	0.000	0.000	2.000	0.000	0.000	0.000	592993239784755201
0.000	0.000	0.000	2.000	1.000	0.000	1.000	592999693723926528
0.000	0.000	0.000	3.000	0.000	0.000	1.000	592996803957673984
0.000	0.000	0.000	2.000	0.000	0.000	0.000	593003245460652032
0.000	2.000	0.000	2.000	0.000	0.000	0.000	593011149194428417
0.000	0.000	0.000	2.000	0.000	0.000	0.000	593011419353841664
0.000	0.000	0.000	3.000	0.000	0.000	0.000	593020562533797888
0.000	0.000	1.000	2.000	0.000	0.000	1.000	593021548887408640
0.000	0.000	0.000	2.000	0.000	0.000	0.000	593032703093551107
0.000	1.000	0.000	2.000	0.000	0.000	0.000	593033570190430211
0.000	1.000	0.000	2.000	0.000	0.000	0.000	593036935767072768
1.000	0.000	2.000	2.000	1.000	0.000	0.000	593032622663704577
0.000	0.000	0.000	3.000	0.000	0.000	0.000	593038434077278210
0.000	0.000	0.000	2.000	0.000	0.000	0.000	593038507645341696
0.000	0.000	0.000	2.000	0.000	0.000	1.000	593043664152100864
0.000	0.000	0.000	2.000	0.000	0.000	0.000	593046914817363968
0.000	0.000	0.000	2.000	0.000	0.000	0.000	593092813476134913
0.000	0.000	0.000	2.000	0.000	0.000	0.000	593094233222844416
0.000	0.000	0.000	2.000	0.000	0.000	0.000	593098022281699328
0.000	0.000	0.000	2.000	0.000	0.000	0.000	593107569205321729
0.000	0.000	0.000	3.000	0.000	0.000	0.000	593142979591688192
0.000	0.000	0.000	2.000	0.000	0.000	0.000	593146142088540160
0.000	0.000	0.000	2.000	0.000	0.000	1.000	593204847119306752
0.000	0.000	0.000	2.000	0.000	0.000	0.000	593169782704189440
1.000	0.000	0.000	2.000	0.000	0.000	0.000	593216900395589633
0.000	0.000	0.000	3.000	0.000	0.000	0.000	593216827200638976
0.000	0.000	0.000	3.000	0.000	0.000	0.000	593186117760987136
0.000	0.000	0.000	2.000	0.000	0.000	0.000	593221383200571392
0.000	0.000	0.000	2.000	0.000	0.000	2.000	593224932215009280
0.000	2.000	0.000	2.000	0.000	0.000	1.000	593234271386640384
0.000	1.000	0.000	2.000	1.000	0.000	2.000	593243708557918208
0.000	0.000	0.000	2.000	0.000	0.000	0.000	593247103666688000
0.000	0.000	0.000	3.000	0.000	0.000	0.000	593255641524887552
0.000	0.000	0.000	2.000	0.000	0.000	0.000	593252304473628673
0.000	0.000	0.000	2.000	0.000	0.000	0.000	593248440697630720
0.000	0.000	0.000	2.000	0.000	0.000	1.000	593264717122015233
0.000	1.000	0.000	2.000	0.000	0.000	0.000	593258970078322688
0.000	0.000	0.000	3.000	0.000	0.000	0.000	593267342353702912
0.000	0.000	0.000	2.000	0.000	0.000	0.000	593265220589527040
0.000	1.000	0.000	2.000	1.000	0.000	0.000	593276810781032448
0.000	0.000	0.000	2.000	0.000	2.000	0.000	593281974891978752
0.000	1.000	0.000	2.000	1.000	0.000	2.000	593282088675184640
0.000	0.000	0.000	2.000	0.000	0.000	0.000	593278600238866432
0.000	0.000	0.000	3.000	0.000	0.000	1.000	593285262953832448
0.000	0.000	0.000	2.000	0.000	0.000	0.000	593281554215882752
0.000	0.000	0.000	2.000	0.000	0.000	0.000	593288529175814144
0.000	0.000	0.000	2.000	0.000	0.000	0.000	593293911105220608
0.000	0.000	0.000	2.000	0.000	0.000	1.000	593303322335059968
0.000	0.000	0.000	3.000	0.000	0.000	0.000	593306225405763585
0.000	0.000	0.000	2.000	0.000	0.000	1.000	593311160406966272
0.000	0.000	0.000	3.000	1.000	0.000	0.000	593308360071512064
0.000	0.000	0.000	2.000	0.000	0.000	2.000	593319076392529920
0.000	1.000	0.000	2.000	0.000	0.000	0.000	593328109568413698
0.000	0.000	0.000	2.000	0.000	0.000	0.000	593329339183181824
1.000	0.000	0.000	2.000	0.000	1.000	0.000	593334581824245760
0.000	0.000	0.000	2.000	0.000	1.000	0.000	593336143254593537
0.000	0.000	0.000	2.000	0.000	0.000	0.000	593327223106609152
0.000	0.000	0.000	2.000	0.000	0.000	0.000	593340358840320001
0.000	0.000	0.000	2.000	0.000	0.000	0.000	593341122367336449
0.000	0.000	0.000	2.000	0.000	0.000	0.000	593341793653096448
0.000	0.000	0.000	2.000	0.000	0.000	0.000	593339444444286979
1.000	0.000	3.000	3.000	1.000	0.000	0.000	593332801757282305
0.000	0.000	0.000	3.000	0.000	0.000	0.000	593332192429768704
0.000	0.000	0.000	2.000	0.000	0.000	0.000	593349029163044864
0.000	0.000	1.000	2.000	0.000	0.000	0.000	593351285501374464
0.000	0.000	0.000	2.000	0.000	0.000	0.000	593360571405316097
0.000	0.000	0.000	3.000	0.000	0.000	1.000	593368899644592128
0.000	0.000	0.000	2.000	0.000	0.000	0.000	593365134937968640
0.000	1.000	1.000	2.000	0.000	0.000	0.000	593364787993513985
0.000	0.000	0.000	3.000	0.000	0.000	0.000	593378433738022913
0.000	1.000	0.000	2.000	0.000	0.000	0.000	593377081116860418
0.000	0.000	0.000	2.000	0.000	0.000	0.000	593371356491722752
0.000	0.000	0.000	2.000	0.000	0.000	0.000	593377666922782721
0.000	0.000	0.000	2.000	0.000	1.000	0.000	593389423603150849
0.000	1.000	0.000	2.000	0.000	0.000	0.000	593392881450274816
0.000	0.000	0.000	2.000	0.000	0.000	0.000	593399669645910017
0.000	0.000	0.000	2.000	0.000	0.000	0.000	593414000265723904
0.000	0.000	0.000	2.000	0.000	1.000	0.000	593415350034661376
0.000	0.000	0.000	2.000	0.000	0.000	0.000	593411151393755136
0.000	0.000	0.000	2.000	0.000	0.000	0.000	593425744988020736
0.000	0.000	0.000	2.000	0.000	0.000	0.000	593430857433485312
0.000	0.000	0.000	2.000	0.000	0.000	0.000	593441956044218368
0.000	0.000	0.000	2.000	0.000	0.000	0.000	593447641087746048
0.000	0.000	0.000	2.000	0.000	0.000	1.000	593464758680051714
0.000	0.000	0.000	2.000	0.000	0.000	3.000	593476115680866305
0.000	0.000	0.000	2.000	0.000	0.000	0.000	593474264696803328
0.000	0.000	1.000	2.000	0.000	0.000	2.000	593479814167822336
0.000	0.000	0.000	2.000	0.000	1.000	0.000	593484612619350017
0.000	0.000	0.000	2.000	0.000	1.000	0.000	593485449827635201
0.000	0.000	0.000	3.000	0.000	0.000	0.000	593499502138429440
0.000	0.000	0.000	2.000	0.000	0.000	0.000	593487053255507968
0.000	1.000	0.000	2.000	1.000	0.000	2.000	593491703618764800
0.000	0.000	0.000	3.000	0.000	0.000	0.000	593545704301137921
0.000	1.000	0.000	3.000	0.000	0.000	0.000	593608399142551552
0.000	0.000	0.000	2.000	0.000	1.000	0.000	593610054567362563
0.000	0.000	0.000	6.000	0.000	0.000	0.000	593615962714349568
0.000	0.000	0.000	2.000	0.000	0.000	0.000	593618040735944704
0.000	0.000	0.000	2.000	0.000	0.000	2.000	593623122403659776
0.000	0.000	0.000	2.000	0.000	0.000	0.000	593622690260328448
0.000	0.000	0.000	2.000	0.000	0.000	0.000	593619047255711744
0.000	0.000	0.000	2.000	0.000	0.000	0.000	593633017907814400
0.000	0.000	0.000	3.000	0.000	0.000	0.000	593626114427211776
0.000	0.000	0.000	2.000	0.000	0.000	0.000	593628736408440832
0.000	0.000	0.000	3.000	0.000	0.000	0.000	593639737937768448
0.000	0.000	0.000	2.000	0.000	0.000	2.000	593640187483271169
0.000	0.000	1.000	2.000	0.000	1.000	1.000	593645614224793600
0.000	0.000	0.000	3.000	0.000	0.000	1.000	593655277175443456
0.000	0.000	0.000	2.000	0.000	0.000	0.000	593659334321647616
0.000	0.000	0.000	3.000	0.000	0.000	0.000	593662518008020992
0.000	0.000	1.000	2.000	0.000	0.000	1.000	593662651001131010
0.000	0.000	0.000	2.000	0.000	0.000	0.000	593661818813296640
0.000	0.000	0.000	2.000	0.000	0.000	0.000	593668745903538179
0.000	0.000	0.000	3.000	0.000	0.000	0.000	593670805655027712
0.000	0.000	0.000	3.000	0.000	0.000	0.000	593672202278473729
0.000	0.000	0.000	2.000	0.000	0.000	0.000	593672148302077952
0.000	0.000	1.000	2.000	0.000	0.000	0.000	593672839502389248
0.000	0.000	0.000	2.000	0.000	0.000	0.000	593674868161421312
0.000	0.000	1.000	2.000	0.000	0.000	0.000	593675627225448448
0.000	0.000	0.000	2.000	0.000	0.000	0.000	593685257645264896
0.000	1.000	0.000	2.000	0.000	0.000	1.000	593691427453939712
0.000	0.000	0.000	2.000	0.000	0.000	1.000	593687763498573824
0.000	1.000	0.000	2.000	1.000	0.000	0.000	593691767435735040
0.000	1.000	2.000	2.000	0.000	0.000	0.000	593699814921138176
0.000	0.000	0.000	2.000	0.000	0.000	1.000	593706567041622017
0.000	0.000	0.000	3.000	0.000	1.000	0.000	593706899293343744
0.000	0.000	0.000	2.000	0.000	0.000	1.000	593712933022085122
0.000	0.000	0.000	2.000	0.000	0.000	0.000	593713475228012545
0.000	1.000	0.000	2.000	1.000	0.000	0.000	593723223755214848
0.000	0.000	0.000	2.000	0.000	0.000	0.000	593720565594071040
0.000	1.000	0.000	2.000	0.000	0.000	2.000	593720953949048832
0.000	0.000	0.000	2.000	0.000	0.000	0.000	593718437676982272
0.000	0.000	0.000	2.000	0.000	0.000	1.000	593730110836101120
0.000	0.000	1.000	2.000	0.000	0.000	1.000	593731019804573696
0.000	0.000	0.000	2.000	0.000	0.000	0.000	593731568595787776
0.000	0.000	0.000	2.000	0.000	0.000	1.000	593736486962339840
0.000	0.000	0.000	2.000	0.000	0.000	0.000	593744112773279744
0.000	0.000	0.000	2.000	0.000	0.000	0.000	593751322056228864
0.000	0.000	0.000	2.000	0.000	1.000	1.000	593826125714948096
0.000	0.000	0.000	3.000	0.000	0.000	0.000	593819571171164160
0.000	0.000	0.000	2.000	0.000	0.000	1.000	593838690952040448
0.000	0.000	0.000	2.000	0.000	0.000	4.000	593854804134354944
0.000	0.000	0.000	2.000	0.000	0.000	1.000	593884986987524096
0.000	0.000	0.000	2.000	0.000	0.000	0.000	593892688413499393
0.000	0.000	0.000	2.000	0.000	0.000	0.000	593896383490465792
0.000	0.000	0.000	2.000	0.000	0.000	0.000	593944754427158528
0.000	0.000	0.000	2.000	0.000	0.000	2.000	593982797129232385
0.000	0.000	0.000	3.000	0.000	0.000	0.000	593971361451790337
0.000	0.000	0.000	2.000	0.000	0.000	2.000	593987568800141312
0.000	0.000	0.000	2.000	0.000	0.000	2.000	593977832163807232
0.000	0.000	0.000	3.000	0.000	0.000	0.000	593988972235198464
0.000	0.000	0.000	3.000	0.000	0.000	0.000	593988971396399104
0.000	1.000	0.000	3.000	0.000	0.000	2.000	594004003316314113
0.000	0.000	0.000	2.000	0.000	0.000	1.000	594006693786202112
0.000	0.000	0.000	2.000	0.000	0.000	0.000	594008120092790784
0.000	0.000	0.000	2.000	0.000	0.000	0.000	594027628660555776
0.000	0.000	0.000	2.000	0.000	0.000	0.000	594033603119554560
0.000	0.000	0.000	2.000	0.000	0.000	0.000	594044793635745792
0.000	0.000	0.000	2.000	0.000	0.000	0.000	594040362328395776
0.000	0.000	0.000	2.000	0.000	0.000	0.000	594042066767740930
0.000	0.000	0.000	3.000	0.000	0.000	0.000	594053392336576512
0.000	0.000	0.000	2.000	0.000	0.000	0.000	594065627121233921
0.000	1.000	0.000	3.000	0.000	0.000	0.000	594065828468916224
0.000	0.000	2.000	3.000	0.000	0.000	0.000	594073199698157568
0.000	0.000	0.000	3.000	0.000	0.000	0.000	594083152135520257
0.000	0.000	0.000	5.000	0.000	0.000	2.000	594095707512012801
0.000	0.000	0.000	2.000	0.000	0.000	0.000	594097004176801792
0.000	0.000	1.000	2.000	0.000	0.000	0.000	594099479290122240
0.000	0.000	0.000	3.000	0.000	0.000	1.000	594097351947517952
0.000	0.000	0.000	2.000	0.000	0.000	2.000	594112728727359488
0.000	0.000	2.000	2.000	0.000	0.000	0.000	594132407646887937
0.000	0.000	0.000	2.000	0.000	0.000	1.000	594134837033709568
0.000	0.000	0.000	2.000	1.000	0.000	0.000	594131668056825857
0.000	0.000	0.000	2.000	0.000	0.000	0.000	594150547130724353
0.000	0.000	1.000	2.000	0.000	0.000	0.000	594146512927461378
1.000	0.000	0.000	3.000	0.000	0.000	0.000	594148390667210752
0.000	0.000	0.000	3.000	0.000	0.000	0.000	594149597624279040
0.000	0.000	0.000	2.000	0.000	0.000	1.000	594152759705751554
0.000	0.000	0.000	3.000	0.000	0.000	1.000	594173055888392193
1.000	0.000	0.000	2.000	0.000	0.000	0.000	594185002654371840
0.000	0.000	0.000	3.000	0.000	0.000	1.000	594180767506280448
0.000	0.000	0.000	3.000	0.000	0.000	1.000	594195645344317440
0.000	0.000	0.000	2.000	0.000	0.000	0.000	594191106071351296
0.000	0.000	0.000	2.000	0.000	0.000	1.000	594189978906664960
0.000	0.000	0.000	2.000	0.000	0.000	0.000	594193330281517056
0.000	0.000	0.000	2.000	0.000	0.000	0.000	594255086534070272
0.000	0.000	0.000	2.000	0.000	0.000	0.000	594245390905442304
0.000	2.000	1.000	2.000	0.000	0.000	0.000	594320393952825344
0.000	0.000	0.000	2.000	0.000	1.000	0.000	594332433106927616
0.000	0.000	0.000	2.000	0.000	0.000	1.000	594344452040171520
0.000	0.000	0.000	2.000	0.000	0.000	1.000	594343579704627200
0.000	0.000	0.000	2.000	0.000	0.000	0.000	594345142221307905
0.000	1.000	0.000	2.000	0.000	0.000	1.000	594357177290227712
0.000	0.000	0.000	2.000	0.000	0.000	0.000	594356277133774848
0.000	0.000	0.000	3.000	0.000	0.000	0.000	594362028912812032
0.000	0.000	0.000	2.000	0.000	0.000	0.000	594370549448511488
0.000	0.000	0.000	2.000	0.000	0.000	0.000	594370548638953472
0.000	0.000	0.000	2.000	0.000	0.000	0.000	594370434792960000
0.000	0.000	0.000	5.000	0.000	0.000	1.000	594381921108525057
0.000	1.000	0.000	5.000	0.000	0.000	2.000	594377676892299264
1.000	0.000	0.000	2.000	0.000	1.000	0.000	594383005696675840
0.000	0.000	0.000	2.000	0.000	0.000	0.000	594383757190176768
0.000	0.000	0.000	2.000	0.000	0.000	0.000	594396288852037632
0.000	0.000	0.000	2.000	0.000	0.000	0.000	594417281439928320
0.000	1.000	0.000	4.000	0.000	0.000	3.000	594419525497552896
0.000	0.000	0.000	2.000	0.000	0.000	0.000	594407195652923392
1.000	0.000	0.000	3.000	0.000	0.000	0.000	594422683384680448
0.000	1.000	1.000	2.000	0.000	0.000	0.000	594416278003163136
0.000	0.000	0.000	2.000	0.000	0.000	0.000	594434500198731776
0.000	0.000	0.000	2.000	0.000	0.000	2.000	594438635518234625
0.000	0.000	0.000	2.000	0.000	0.000	0.000	594439387020075009
0.000	0.000	1.000	4.000	0.000	0.000	0.000	594462753567313920
0.000	0.000	0.000	2.000	0.000	0.000	0.000	594456233995730945
0.000	0.000	0.000	2.000	0.000	0.000	1.000	594460649687617536
0.000	0.000	0.000	2.000	0.000	0.000	0.000	594460663017177088
0.000	0.000	0.000	3.000	0.000	0.000	1.000	594467068415709184
0.000	0.000	0.000	2.000	0.000	0.000	0.000	594462945137926145
0.000	0.000	0.000	2.000	0.000	0.000	0.000	594490133946044417
0.000	0.000	0.000	2.000	0.000	1.000	0.000	594514722189234176
0.000	0.000	0.000	2.000	0.000	1.000	1.000	594514719425204224
0.000	0.000	0.000	2.000	0.000	0.000	2.000	594514215479615488
0.000	1.000	0.000	2.000	0.000	0.000	0.000	594506756048363520
0.000	0.000	0.000	2.000	0.000	0.000	0.000	594531344081817600
0.000	0.000	0.000	2.000	0.000	0.000	0.000	594534390966824960
0.000	0.000	1.000	2.000	0.000	0.000	0.000	594522576535179264
0.000	0.000	1.000	2.000	0.000	0.000	1.000	594521827394859008
0.000	0.000	0.000	2.000	0.000	0.000	0.000	594540394290946048
0.000	0.000	0.000	2.000	0.000	0.000	0.000	594549845148315648
0.000	0.000	0.000	2.000	0.000	0.000	0.000	594547866049204224
0.000	0.000	0.000	2.000	0.000	0.000	0.000	594549852916297729
0.000	0.000	0.000	2.000	0.000	0.000	0.000	594546253427539968
0.000	1.000	0.000	2.000	1.000	0.000	1.000	594549770028503040
0.000	0.000	0.000	3.000	0.000	0.000	1.000	594558527365980161
0.000	0.000	0.000	2.000	0.000	0.000	0.000	594574612060475392
0.000	0.000	0.000	2.000	0.000	0.000	0.000	594667935806849026
0.000	0.000	0.000	3.000	0.000	0.000	0.000	594667939543920640
0.000	1.000	0.000	2.000	0.000	0.000	0.000	594671882416181248
0.000	0.000	0.000	2.000	0.000	0.000	1.000	594682613404663809
0.000	2.000	0.000	4.000	1.000	0.000	0.000	594675929953087489
0.000	0.000	0.000	2.000	0.000	0.000	0.000	594667936612102144
0.000	0.000	0.000	3.000	0.000	0.000	0.000	594659836756828163
0.000	0.000	0.000	4.000	0.000	0.000	0.000	594700018872815617
0.000	0.000	0.000	2.000	0.000	0.000	0.000	594675374866464768
0.000	0.000	0.000	2.000	0.000	0.000	0.000	594713977696817153
0.000	0.000	0.000	3.000	0.000	0.000	0.000	594712740498771969
0.000	0.000	0.000	2.000	0.000	0.000	0.000	594725561672536066
0.000	0.000	0.000	3.000	0.000	0.000	1.000	594717520520581120
0.000	0.000	0.000	2.000	0.000	0.000	1.000	594742862853484544
0.000	0.000	0.000	3.000	0.000	0.000	0.000	594741925703454720
0.000	1.000	0.000	2.000	0.000	0.000	0.000	594744314384744448
0.000	0.000	0.000	5.000	0.000	0.000	0.000	594744131542523904
0.000	1.000	0.000	2.000	0.000	0.000	0.000	594741047168761857
0.000	0.000	0.000	2.000	0.000	0.000	0.000	594765520529821696
0.000	1.000	0.000	2.000	0.000	0.000	0.000	594752399060905985
0.000	1.000	0.000	2.000	0.000	0.000	0.000	594766958140194816
0.000	0.000	0.000	2.000	0.000	0.000	0.000	594767296796594176
0.000	0.000	0.000	2.000	0.000	0.000	0.000	594775470345887745
0.000	0.000	0.000	2.000	0.000	0.000	0.000	594766617680056321
0.000	2.000	1.000	2.000	1.000	0.000	1.000	594781487855112192
0.000	0.000	0.000	2.000	0.000	0.000	0.000	594774304740376576
0.000	0.000	0.000	2.000	0.000	0.000	0.000	594778153576366080
0.000	0.000	0.000	2.000	0.000	1.000	0.000	594791257878073344
0.000	0.000	0.000	2.000	0.000	0.000	0.000	594792722852089856
0.000	0.000	0.000	2.000	0.000	1.000	0.000	594792427073839104
0.000	0.000	0.000	2.000	0.000	1.000	0.000	594797144512434176
0.000	0.000	0.000	2.000	0.000	0.000	1.000	594799432186507264
0.000	0.000	0.000	5.000	0.000	1.000	0.000	594798304396857344
0.000	0.000	0.000	2.000	0.000	0.000	0.000	594805735193710592
0.000	0.000	0.000	2.000	0.000	0.000	0.000	594800684110864385
0.000	0.000	0.000	4.000	0.000	0.000	2.000	594797909780082688
0.000	0.000	0.000	2.000	0.000	1.000	1.000	594792718989156353
0.000	0.000	0.000	2.000	0.000	1.000	0.000	594793305642176512
0.000	0.000	0.000	2.000	0.000	0.000	0.000	594815040902991873
0.000	0.000	0.000	2.000	0.000	0.000	0.000	594808948907085825
0.000	2.000	0.000	2.000	0.000	0.000	0.000	594817352455225344
0.000	2.000	0.000	2.000	0.000	0.000	0.000	594829810175746048
0.000	1.000	0.000	2.000	0.000	0.000	0.000	594825470945980417
1.000	0.000	0.000	2.000	0.000	0.000	1.000	594843759596023808
1.000	2.000	2.000	3.000	1.000	0.000	2.000	594844680292069376
0.000	1.000	2.000	3.000	1.000	0.000	0.000	594842395990052865
0.000	0.000	1.000	2.000	0.000	0.000	1.000	594840651436556288
0.000	0.000	0.000	2.000	0.000	0.000	0.000	594835927026958337
0.000	0.000	0.000	2.000	0.000	0.000	0.000	594835664954200065
0.000	0.000	0.000	2.000	0.000	0.000	1.000	594854561199755266
0.000	0.000	0.000	3.000	0.000	0.000	0.000	594854069895884800
0.000	0.000	0.000	2.000	0.000	0.000	0.000	594848306032877570
4.000	4.000	1.000	3.000	1.000	0.000	2.000	594846621923291136
0.000	0.000	0.000	2.000	0.000	0.000	0.000	594860568822951936
0.000	0.000	0.000	2.000	0.000	0.000	0.000	594856542010212352
1.000	0.000	1.000	2.000	0.000	0.000	0.000	594862568193302529
0.000	0.000	0.000	3.000	0.000	0.000	0.000	594847664086220803
0.000	0.000	0.000	2.000	0.000	0.000	0.000	594868926149832704
0.000	0.000	0.000	2.000	0.000	1.000	0.000	594868946676809728
0.000	0.000	0.000	2.000	0.000	0.000	1.000	594868738509246464
0.000	0.000	0.000	2.000	0.000	0.000	0.000	594874496424812545
0.000	0.000	0.000	2.000	0.000	0.000	0.000	594878867229188096
0.000	0.000	0.000	2.000	0.000	0.000	1.000	594882280843120641
0.000	1.000	0.000	2.000	0.000	0.000	0.000	594883135352934400
0.000	1.000	0.000	2.000	0.000	0.000	0.000	594888605715292161
0.000	0.000	0.000	2.000	0.000	0.000	0.000	594890311974924288
0.000	0.000	0.000	2.000	0.000	0.000	1.000	594887291014897665
1.000	0.000	0.000	3.000	1.000	0.000	0.000	594885937273950209
0.000	0.000	0.000	2.000	0.000	0.000	1.000	594898968888283136
0.000	1.000	2.000	2.000	0.000	0.000	1.000	594894983401902080
0.000	0.000	0.000	2.000	0.000	0.000	1.000	594898662729256960
2.000	1.000	2.000	2.000	0.000	0.000	1.000	594899383029768192
0.000	0.000	0.000	3.000	0.000	0.000	0.000	594921136313475073
0.000	0.000	0.000	2.000	0.000	0.000	0.000	594917933031251968
1.000	0.000	1.000	2.000	0.000	0.000	0.000	594931844547801088
0.000	0.000	0.000	2.000	0.000	0.000	0.000	594918649359630338
0.000	0.000	0.000	2.000	0.000	0.000	0.000	595015628034940928
0.000	0.000	0.000	2.000	0.000	0.000	0.000	595006330093457408
1.000	0.000	0.000	2.000	0.000	0.000	0.000	594961806151417856
0.000	1.000	0.000	2.000	0.000	0.000	0.000	594932647689887744
0.000	0.000	0.000	3.000	0.000	0.000	0.000	595026438895505408
0.000	0.000	0.000	2.000	0.000	0.000	0.000	595045538887696385
0.000	0.000	0.000	3.000	0.000	0.000	1.000	594966405583212544
0.000	0.000	0.000	2.000	0.000	0.000	0.000	595049305506844672
0.000	0.000	0.000	2.000	0.000	0.000	0.000	595054819326431232
0.000	0.000	0.000	2.000	0.000	0.000	0.000	595024555233521664
0.000	0.000	0.000	2.000	0.000	0.000	0.000	595075907997421569
0.000	0.000	0.000	2.000	0.000	0.000	0.000	595066975736373248
0.000	0.000	0.000	2.000	0.000	0.000	1.000	595078483283451904
0.000	0.000	0.000	2.000	0.000	0.000	1.000	595224579028721664
0.000	0.000	2.000	2.000	0.000	0.000	1.000	595218091358834688
0.000	0.000	0.000	2.000	0.000	0.000	0.000	595251196593643521
0.000	0.000	0.000	2.000	0.000	0.000	0.000	595238999289126912
0.000	0.000	1.000	3.000	0.000	0.000	0.000	595235773177143297
0.000	1.000	1.000	2.000	0.000	0.000	0.000	595233222939705344
0.000	0.000	1.000	3.000	0.000	0.000	0.000	595236693675880448
0.000	0.000	0.000	2.000	0.000	0.000	0.000	595246085137903616
0.000	0.000	0.000	2.000	0.000	0.000	0.000	595259031503110146
0.000	0.000	0.000	2.000	0.000	0.000	1.000	595264396307271681
0.000	0.000	1.000	2.000	0.000	0.000	1.000	595283972969619457
0.000	1.000	0.000	2.000	0.000	0.000	1.000	595298831207567360
0.000	0.000	0.000	2.000	0.000	0.000	0.000	595399232502116352
0.000	0.000	0.000	2.000	0.000	0.000	0.000	595421123094958081
0.000	0.000	0.000	2.000	0.000	2.000	0.000	595414168221700096
0.000	0.000	0.000	2.000	0.000	0.000	0.000	595428896721510400
0.000	0.000	0.000	3.000	0.000	0.000	0.000	595425702230552578
0.000	0.000	0.000	3.000	0.000	0.000	0.000	595426825448337408
0.000	1.000	0.000	2.000	0.000	0.000	0.000	595443839671803904
0.000	0.000	0.000	2.000	0.000	0.000	0.000	595434130176929792
0.000	0.000	0.000	2.000	0.000	0.000	1.000	595432519056629762
2.000	0.000	0.000	2.000	2.000	1.000	1.000	595461399679246336
1.000	2.000	2.000	3.000	0.000	0.000	2.000	595450441984532482
0.000	1.000	0.000	2.000	0.000	0.000	3.000	595452899762671616
0.000	0.000	0.000	2.000	0.000	1.000	0.000	595464233661300737
0.000	0.000	0.000	2.000	0.000	0.000	0.000	595455128938872832
0.000	0.000	0.000	2.000	0.000	0.000	0.000	595456351591014400
0.000	0.000	0.000	2.000	0.000	0.000	0.000	595458717589569536
0.000	1.000	0.000	2.000	1.000	0.000	0.000	595454746816679936
0.000	0.000	0.000	2.000	0.000	0.000	0.000	595479384275877889
0.000	0.000	0.000	2.000	0.000	0.000	0.000	595468735021981696
0.000	0.000	0.000	3.000	0.000	0.000	0.000	595473868061548544
0.000	0.000	0.000	2.000	0.000	0.000	0.000	595491043291729920
0.000	0.000	0.000	2.000	0.000	0.000	0.000	595475016629800960
0.000	0.000	0.000	2.000	0.000	0.000	0.000	595496097042141184
0.000	0.000	0.000	3.000	0.000	0.000	0.000	595488245703544833
0.000	0.000	0.000	2.000	0.000	1.000	0.000	595506804362182656
0.000	0.000	0.000	2.000	0.000	0.000	0.000	595513717925654528
0.000	1.000	0.000	2.000	0.000	0.000	0.000	595495715331248128
0.000	0.000	0.000	2.000	0.000	0.000	0.000	595505421005099008
0.000	0.000	0.000	2.000	0.000	0.000	0.000	595517333533130752
0.000	0.000	0.000	3.000	0.000	0.000	1.000	595512357327015936
1.000	0.000	0.000	2.000	0.000	0.000	1.000	595536263307886592
0.000	0.000	0.000	2.000	0.000	0.000	0.000	595518019331182592
0.000	0.000	0.000	3.000	0.000	0.000	0.000	595521487039111168
0.000	0.000	0.000	2.000	0.000	0.000	0.000	595552730711752704
0.000	0.000	0.000	2.000	0.000	0.000	0.000	595591291842400256
0.000	0.000	0.000	2.000	0.000	0.000	0.000	595583767219216384
0.000	0.000	2.000	2.000	0.000	0.000	0.000	595626385504342016
0.000	0.000	0.000	2.000	0.000	0.000	0.000	595620928874242048
0.000	0.000	0.000	2.000	0.000	0.000	0.000	595640645089415170
0.000	0.000	0.000	3.000	0.000	0.000	0.000	595641975866597376
0.000	0.000	0.000	5.000	0.000	0.000	0.000	595651190261751808
0.000	0.000	0.000	2.000	0.000	0.000	2.000	595671312984633345
0.000	0.000	0.000	3.000	0.000	0.000	0.000	595660465033838592
0.000	0.000	0.000	2.000	0.000	0.000	1.000	595647638537633793
0.000	1.000	1.000	4.000	0.000	0.000	0.000	595766891232243713
0.000	0.000	0.000	2.000	0.000	0.000	0.000	595742039448395776
0.000	0.000	0.000	2.000	0.000	0.000	1.000	595793948825800704
0.000	0.000	0.000	2.000	0.000	0.000	0.000	595798619866976256
0.000	0.000	2.000	2.000	0.000	0.000	0.000	595798067925950464
0.000	0.000	0.000	2.000	0.000	0.000	0.000	595795365514842112
0.000	0.000	0.000	2.000	0.000	0.000	0.000	595818001108234242
0.000	0.000	0.000	2.000	0.000	0.000	0.000	595873613003108352
0.000	0.000	0.000	2.000	0.000	0.000	0.000	595844411038289920
0.000	0.000	0.000	2.000	0.000	0.000	0.000	595846385997578241
0.000	0.000	0.000	2.000	0.000	0.000	0.000	595851440528171009
0.000	0.000	0.000	2.000	0.000	0.000	0.000	595880410069925888
0.000	0.000	0.000	3.000	0.000	0.000	2.000	595876706231029760
0.000	0.000	0.000	2.000	0.000	0.000	0.000	595887171711606784
0.000	0.000	0.000	4.000	0.000	0.000	0.000	595910622778392576
0.000	1.000	0.000	2.000	0.000	0.000	0.000	595881642553679872
0.000	1.000	1.000	2.000	0.000	0.000	0.000	595918925184897024
0.000	0.000	0.000	2.000	0.000	0.000	1.000	595919101953904640
0.000	1.000	1.000	2.000	0.000	0.000	0.000	595963535160553472
0.000	0.000	0.000	3.000	0.000	0.000	1.000	595958624091901954
0.000	0.000	0.000	2.000	0.000	0.000	0.000	595956307640758272
0.000	0.000	0.000	2.000	0.000	0.000	1.000	595957671401885697
0.000	0.000	0.000	3.000	0.000	0.000	0.000	595943612166180864
0.000	0.000	0.000	2.000	0.000	0.000	0.000	595960437394386944
0.000	0.000	0.000	2.000	0.000	0.000	0.000	596001957489217536
0.000	0.000	0.000	2.000	0.000	0.000	0.000	595994466760065024
0.000	0.000	0.000	2.000	0.000	0.000	1.000	596109047415316480
0.000	0.000	0.000	2.000	0.000	0.000	0.000	596055616579211266
0.000	1.000	0.000	2.000	0.000	0.000	1.000	596134642261958657
0.000	0.000	0.000	3.000	0.000	0.000	0.000	596134348929310722
0.000	0.000	0.000	2.000	1.000	1.000	0.000	596082723409797120
0.000	0.000	0.000	3.000	0.000	0.000	0.000	596113314003951616
2.000	0.000	0.000	2.000	0.000	3.000	0.000	596078618595307520
0.000	0.000	0.000	2.000	0.000	0.000	0.000	596118176133439489
0.000	0.000	1.000	3.000	0.000	0.000	0.000	596115991731544064
1.000	2.000	0.000	3.000	0.000	0.000	0.000	596150681511297025
0.000	0.000	0.000	2.000	0.000	0.000	0.000	596154804570869761
0.000	0.000	0.000	4.000	0.000	0.000	0.000	596140047558029314
0.000	0.000	0.000	3.000	0.000	0.000	0.000	596119600451850240
0.000	0.000	0.000	3.000	0.000	0.000	0.000	596138347606618112
0.000	0.000	0.000	2.000	0.000	0.000	0.000	596123671023849475
0.000	0.000	0.000	2.000	0.000	0.000	0.000	596137075914706944
0.000	0.000	0.000	2.000	0.000	0.000	0.000	596175522452897792
1.000	0.000	0.000	2.000	0.000	0.000	0.000	596204965644767233
0.000	0.000	0.000	2.000	0.000	0.000	0.000	596195153657737217
0.000	0.000	0.000	3.000	0.000	0.000	0.000	596188749068808193
0.000	0.000	0.000	2.000	0.000	0.000	0.000	596230273521623041
0.000	0.000	0.000	2.000	0.000	0.000	1.000	596245463168253954
0.000	0.000	0.000	2.000	0.000	0.000	2.000	596264366082756608
0.000	0.000	0.000	2.000	0.000	0.000	0.000	596261581668818944
0.000	1.000	1.000	2.000	0.000	0.000	1.000	596263280647086080
0.000	1.000	0.000	2.000	0.000	0.000	0.000	596265363039461376
1.000	0.000	0.000	2.000	0.000	0.000	1.000	596267728937177092
0.000	0.000	0.000	2.000	0.000	0.000	0.000	596305232436461568
0.000	1.000	0.000	2.000	0.000	0.000	1.000	596336026836021248
0.000	0.000	0.000	3.000	0.000	0.000	0.000	596338527844970496
0.000	0.000	0.000	2.000	0.000	0.000	2.000	596365974581809152
1.000	0.000	1.000	2.000	0.000	0.000	0.000	596362671039107072
0.000	0.000	0.000	2.000	0.000	0.000	1.000	596414806527184898
0.000	0.000	0.000	2.000	0.000	0.000	0.000	596393731986558977
0.000	1.000	0.000	2.000	0.000	0.000	0.000	596430455487889408
0.000	1.000	1.000	2.000	1.000	0.000	1.000	596455223087894529
0.000	0.000	0.000	3.000	0.000	0.000	0.000	596476781017739264
0.000	0.000	0.000	3.000	0.000	0.000	0.000	596503623409999872
1.000	1.000	0.000	2.000	0.000	0.000	0.000	596496391930646528
0.000	1.000	0.000	2.000	0.000	0.000	0.000	596498710978166784
0.000	0.000	1.000	2.000	0.000	0.000	0.000	596555812375535616
1.000	0.000	2.000	2.000	0.000	0.000	0.000	596561811987562497
0.000	0.000	0.000	2.000	1.000	0.000	0.000	596525885374603264
0.000	0.000	0.000	2.000	0.000	0.000	0.000	596533503069556737
0.000	0.000	0.000	2.000	0.000	0.000	0.000	596528004928557056
0.000	0.000	0.000	2.000	0.000	0.000	0.000	596577590057402368
0.000	0.000	0.000	2.000	0.000	0.000	0.000	596557121778487298
0.000	0.000	0.000	3.000	0.000	0.000	0.000	596548670587305984
0.000	1.000	1.000	2.000	0.000	0.000	0.000	596551022148911104
0.000	0.000	0.000	2.000	0.000	1.000	0.000	596551637902163968
0.000	0.000	0.000	3.000	0.000	1.000	0.000	596604497327161346
0.000	0.000	0.000	2.000	0.000	0.000	0.000	596597938815520768
0.000	1.000	1.000	2.000	0.000	0.000	0.000	596603402995400706
0.000	0.000	0.000	3.000	0.000	0.000	0.000	596583373029552128
1.000	0.000	1.000	2.000	0.000	0.000	0.000	596626042099507200
0.000	1.000	0.000	3.000	0.000	0.000	1.000	596614304595574784
1.000	1.000	4.000	2.000	0.000	0.000	0.000	596619689196802048
0.000	0.000	0.000	3.000	0.000	0.000	0.000	596670834720145409
0.000	0.000	0.000	2.000	0.000	0.000	0.000	596669750702280706
0.000	0.000	0.000	3.000	0.000	0.000	1.000	596670832635551747
0.000	0.000	0.000	2.000	0.000	0.000	0.000	596689417252638720
0.000	0.000	0.000	3.000	0.000	0.000	1.000	596670833759637504
0.000	1.000	1.000	2.000	0.000	0.000	1.000	596696523980812290
0.000	0.000	0.000	2.000	0.000	0.000	1.000	596697892003282946
0.000	0.000	2.000	2.000	0.000	0.000	0.000	596731347911086080
0.000	0.000	0.000	3.000	0.000	0.000	0.000	596850275522125824
0.000	0.000	2.000	3.000	0.000	0.000	0.000	596854951109791744
0.000	0.000	0.000	2.000	0.000	0.000	1.000	596878431847063552
0.000	0.000	0.000	2.000	0.000	0.000	0.000	596886044764573697
0.000	0.000	0.000	3.000	0.000	0.000	0.000	596840906340241408
0.000	1.000	1.000	2.000	0.000	0.000	0.000	596856571289849856
0.000	0.000	0.000	2.000	0.000	0.000	0.000	596894161346801665
0.000	0.000	0.000	2.000	0.000	0.000	0.000	596881121708748801
0.000	1.000	1.000	2.000	0.000	0.000	0.000	596922719658119168
0.000	0.000	0.000	2.000	0.000	0.000	0.000	596943584772935680
0.000	0.000	0.000	3.000	0.000	0.000	0.000	596942216276250624
0.000	1.000	1.000	4.000	0.000	0.000	1.000	596959033338232832
0.000	0.000	0.000	2.000	0.000	1.000	2.000	596937866724257792
0.000	0.000	0.000	2.000	0.000	0.000	0.000	596980409625284609
0.000	0.000	0.000	2.000	0.000	0.000	0.000	596962356539731973
0.000	0.000	0.000	2.000	0.000	0.000	1.000	596976541730406401
0.000	4.000	0.000	2.000	0.000	0.000	0.000	597013635597205504
0.000	0.000	1.000	2.000	0.000	0.000	0.000	596993661864284161
0.000	0.000	0.000	2.000	0.000	0.000	0.000	596990160710934528
0.000	0.000	0.000	2.000	0.000	0.000	0.000	597025851805302784
0.000	0.000	0.000	2.000	0.000	0.000	0.000	597018819035463681
0.000	0.000	0.000	2.000	0.000	0.000	0.000	597078389418106880
2.000	0.000	1.000	2.000	1.000	0.000	0.000	597047646113533952
0.000	1.000	1.000	3.000	0.000	0.000	0.000	597051427563950080
0.000	0.000	0.000	2.000	0.000	0.000	1.000	597070442063507456
0.000	0.000	0.000	2.000	0.000	0.000	0.000	597242265120083969
0.000	1.000	1.000	2.000	0.000	0.000	0.000	597274821462855681
0.000	0.000	0.000	2.000	0.000	0.000	1.000	597272197732782080
0.000	0.000	1.000	2.000	0.000	0.000	1.000	597326087094337537
0.000	1.000	1.000	2.000	0.000	0.000	0.000	597339811238674432
0.000	0.000	0.000	4.000	0.000	0.000	0.000	597390543002443777
0.000	0.000	0.000	2.000	0.000	0.000	1.000	597346310304313344
0.000	0.000	0.000	3.000	0.000	0.000	0.000	597398825439887361
0.000	0.000	0.000	2.000	0.000	0.000	0.000	597419156942749696
0.000	0.000	0.000	2.000	0.000	1.000	2.000	597383070178627585
0.000	0.000	0.000	3.000	0.000	0.000	1.000	597389531638210560
0.000	0.000	0.000	2.000	0.000	0.000	0.000	597427635635892224
